acc = 0.6080402010050251
acc_and_f1 = 0.5812589064726619
f1 = 0.5544776119402985
precision = 0.8387096774193549
recall = 0.26262626262626265
