acc = 0.3065326633165829
acc_and_f1 = 0.23147145986341966
f1 = 0.15641025641025644
precision = 0.10217755443886097
recall = 0.3333333333333333
