acc = 0.7787787787787788
acc_and_f1 = 0.7777907177825291
f1 = 0.7768026567862794
precision = 0.7352445193929174
recall = 0.872
